Original: 0.08427323486094503
Segmented: 0.34289749378474554
Segmented2: 0.40673861980975445
