Original: 0.05527268853626974
Segmented: 0.49233993376236945
Segmented2: 0.5804614140137068
