Original: 0.16410291078856803
Segmented: 0.46708745836093135
Segmented2: 0.5152824737440463
