Original: 0.06214868277201458
Segmented: 0.3169557523956891
Segmented2: 0.5153428044780778
