Original: 0.07987364108130114
Segmented: 0.6256628781974379
Segmented2: 0.6551033428926386
