Original: 0.052921454678609474
Segmented: 0.5369154989076304
Segmented2: 0.6531504769382388
