Original: 0.10341441525420195
Segmented: 0.6072515321449574
Segmented2: 0.6954132740374308
