Original: 0.10691712728207817
Segmented: 0.32450851063687697
Segmented2: 0.4196721781437134
