Original: 0.12639085210265583
Segmented: 0.4048087718479502
Segmented2: 0.5256399061378944
