Original: 0.12012258117400741
Segmented: 0.46953225088464706
Segmented2: 0.5695208498563864
