Original: 0.32492231575937686
Segmented: 0.5089993437064309
Segmented2: 0.6164221765004614
