Original: 0.07730856935765464
Segmented: 0.34021803220832597
Segmented2: 0.3963830099298391
