Original: 0.17119451636179867
Segmented: 0.45643352934524695
Segmented2: 0.5505014836213054
