Original: 0.11058775451634327
Segmented: 0.262721006398738
Segmented2: 0.34781842804908336
