Original: 0.07923500512548837
Segmented: 0.32164955803732553
Segmented2: 0.37925217799471383
