Original: 0.11153922258726166
Segmented: 0.30461481755927655
Segmented2: 0.4115252687781364
