Original: 0.06383510886587913
Segmented: 0.5530999183919951
Segmented2: 0.5583206691236049
