Original: 0.133627199982574
Segmented: 0.30072283234662234
Segmented2: 0.39928988375738717
