Original: 0.1353681410824514
Segmented: 0.47085580006947486
Segmented2: 0.5746750850779723
