Original: 0.14161281384845203
Segmented: 0.5508203561885522
Segmented2: 0.6468862124657397
