Original: 0.07369072555660937
Segmented: 0.5034380150745071
Segmented2: 0.6732680580635872
