Original: 0.05094745256686268
Segmented: 0.4316546339287004
Segmented2: 0.4775385880684231
