Original: 0.06622817171917235
Segmented: 0.3049793243339337
Segmented2: 0.41424793292408313
