Original: 0.22874091164875687
Segmented: 0.37627596068404273
Segmented2: 0.5313914151421373
