Original: 0.0591787357975014
Segmented: 0.3162253146473342
Segmented2: 0.41122684443662266
